0		-180.000000 -180.000000 -179.874140 -179.874140 0.125860
1		-180.000000 -179.874140 -179.874140 -179.748280 0.125860
2		-180.000000 -179.748280 -179.874140 -179.622420 0.125860
3		-180.000000 -179.622420 -179.874140 -179.496560 0.125860
4		-180.000000 -179.496560 -179.874140 -179.370700 0.125860
5		-180.000000 -179.370700 -179.874140 -179.244840 0.125860
6		-180.000000 -179.244840 -179.874140 -179.118980 0.125860
7		-180.000000 -179.118980 -179.874140 -178.993120 0.125860
8		-180.000000 -178.993120 -179.874140 -178.867260 0.125860
9		-180.000000 -178.867260 -179.874140 -178.741400 0.125860
10		-180.000000 -178.741400 -179.874140 -178.615540 0.125860
11		-180.000000 -178.615540 -179.874140 -178.489680 0.125860
12		-180.000000 -178.489680 -179.874140 -178.363820 0.125860
13		-180.000000 -178.363820 -179.874140 -178.237960 0.125860
14		-180.000000 -178.237960 -179.874140 -178.112100 0.125860
15		-180.000000 -178.112100 -179.874140 -177.986240 0.125860
16		-180.000000 -177.986240 -179.874140 -177.860380 0.125860
17		-180.000000 -177.860380 -179.874140 -177.734520 0.125860
18		-180.000000 -177.734520 -179.874140 -177.608660 0.125860
19		-180.000000 -177.608660 -179.874140 -177.482800 0.125860
20		-180.000000 -177.482800 -179.874140 -177.356940 0.125860
21		-180.000000 -177.356940 -179.874140 -177.231080 0.125860
22		-180.000000 -177.231080 -179.874140 -177.105220 0.125860
23		-180.000000 -177.105220 -179.874140 -176.979360 0.125860
24		-180.000000 -176.979360 -179.874140 -176.853500 0.125860
25		-180.000000 -176.853500 -179.874140 -176.727640 0.125860
26		-180.000000 -176.727640 -179.874140 -176.601780 0.125860
27		-180.000000 -176.601780 -179.874140 -176.475920 0.125860
28		-180.000000 -176.475920 -179.874140 -176.350060 0.125860
29		-180.000000 -176.350060 -179.874140 -176.224200 0.125860
30		-180.000000 -176.224200 -179.874140 -176.098340 0.125860
31		-180.000000 -176.098340 -179.874140 -175.972480 0.125860
32		-180.000000 -175.972480 -179.874140 -175.846620 0.125860
33		-180.000000 -175.846620 -179.874140 -175.720760 0.125860
34		-180.000000 -175.720760 -179.874140 -175.594900 0.125860
35		-180.000000 -175.594900 -179.874140 -175.469040 0.125860
36		-180.000000 -175.469040 -179.874140 -175.343180 0.125860
37		-180.000000 -175.343180 -179.874140 -175.217320 0.125860
38		-180.000000 -175.217320 -179.874140 -175.091460 0.125860
39		-180.000000 -175.091460 -179.874140 -174.965600 0.125860
40		-180.000000 -174.965600 -179.874140 -174.839740 0.125860
41		-180.000000 -174.839740 -179.874140 -174.713880 0.125860
42		-180.000000 -174.713880 -179.874140 -174.588020 0.125860
43		-180.000000 -174.588020 -179.874140 -174.462160 0.125860
44		-180.000000 -174.462160 -179.874140 -174.336300 0.125860
45		-180.000000 -174.336300 -179.874140 -174.210440 0.125860
46		-180.000000 -174.210440 -179.874140 -174.084580 0.125860
47		-180.000000 -174.084580 -179.874140 -173.958720 0.125860
48		-180.000000 -173.958720 -179.874140 -173.832860 0.125860
49		-180.000000 -173.832860 -179.874140 -173.707000 0.125860
50		-180.000000 -173.707000 -179.874140 -173.581140 0.125860
51		-180.000000 -173.581140 -179.874140 -173.455280 0.125860
52		-180.000000 -173.455280 -179.874140 -173.329420 0.125860
53		-180.000000 -173.329420 -179.874140 -173.203560 0.125860
54		-180.000000 -173.203560 -179.874140 -173.077700 0.125860
55		-180.000000 -173.077700 -179.874140 -172.951840 0.125860
56		-180.000000 -172.951840 -179.874140 -172.825980 0.125860
57		-180.000000 -172.825980 -179.874140 -172.700120 0.125860
58		-180.000000 -172.700120 -179.874140 -172.574260 0.125860
59		-180.000000 -172.574260 -179.874140 -172.448400 0.125860
60		-180.000000 -172.448400 -179.874140 -172.322540 0.125860
61		-180.000000 -172.322540 -179.874140 -172.196680 0.125860
62		-180.000000 -172.196680 -179.874140 -172.070820 0.125860
63		-180.000000 -172.070820 -179.874140 -171.944960 0.125860
64		-180.000000 -171.944960 -179.874140 -171.819100 0.125860
65		-180.000000 -171.819100 -179.874140 -171.693240 0.125860
66		-180.000000 -171.693240 -179.874140 -171.567380 0.125860
67		-180.000000 -171.567380 -179.874140 -171.441520 0.125860
68		-180.000000 -171.441520 -179.874140 -171.315660 0.125860
69		-180.000000 -171.315660 -179.874140 -171.189800 0.125860
70		-180.000000 -171.189800 -179.874140 -171.063940 0.125860
71		-180.000000 -171.063940 -179.874140 -170.938080 0.125860
72		-180.000000 -170.938080 -179.874140 -170.812220 0.125860
73		-180.000000 -170.812220 -179.874140 -170.686360 0.125860
74		-180.000000 -170.686360 -179.874140 -170.560500 0.125860
75		-180.000000 -170.560500 -179.874140 -170.434640 0.125860
76		-180.000000 -170.434640 -179.874140 -170.308780 0.125860
77		-180.000000 -170.308780 -179.874140 -170.182920 0.125860
